1 0.187569990625 0.4734838984375 0.1866766421875 0.4672927921875 0.17777194999999998 0.46836314218749997 0.17456897031250002 0.468819128125 0.175555784375 0.47578660624999997 0.177071140625 0.47853252812499997 0.19073836093750002 0.566227203125 0.1942559921875 0.565924059375 0.2001552453125 0.564491603125 0.18723945625 0.4768875890625 0.187569990625 0.4734838984375
1 0.4503065140625 0.4173668421875 0.44556491718749996 0.41861736875 0.45070690156250004 0.458938965625 0.45006773750000006 0.45960545625 0.45087657343750004 0.4656785796875 0.45706402031250004 0.46513204375 0.456337421875 0.45909655312500003 0.4554485 0.45768844062499997 0.4503065140625 0.4173668421875
4 0.13760573125 0.35973632968749997 0.1418532671875 0.3589653453125 0.13982895625 0.34359146093750004 0.12496449375 0.344953340625 0.0825142421875 0.3479717625 0.07127757031250001 0.3499852984375 0.07263716875000001 0.363855303125 0.072908321875 0.3712624765625 0.072577934375 0.395579671875 0.0709812359375 0.41488924687499995 0.1400643515625 0.40606141874999996 0.136800084375 0.3865714765625 0.1411435296875 0.38585765 0.13760573125 0.35973632968749997
4 0.4781877953125 0.36875718125 0.485512471875 0.36771441718750003 0.4834345796875 0.3534739078125 0.4803510875 0.35351935 0.47897036406250004 0.34054244218749996 0.45807512499999997 0.3420634609375 0.46542256249999997 0.4015851875 0.4750982796875 0.400450053125 0.4734130890625 0.384942278125 0.47963692968749994 0.38381390312499997 0.4781877953125 0.36875718125
0 0.417565571875 0.44979461875000004 0.420784909375 0.4708677 0.43407253125 0.48110618125000004 0.49327173125 0.50239795 0.5708436296875 0.5213771125 0.612134971875 0.5286699046875001 0.668944325 0.5389501109375 0.732543084375 0.4853168375 0.8232826796875001 0.40962434999999997 0.8203103281249999 0.40827863906250006 0.8235970921875 0.40714264843750003 0.8736000421875 0.38873352968749997 0.8656442515625 0.3842916765625 0.839479046875 0.386901621875 0.7733794078125 0.38887933750000003 0.709637946875 0.3902128359375 0.7136131078125 0.42780332187500003 0.705848221875 0.430371440625 0.679270946875 0.430126284375 0.5235314171875001 0.4250047765625 0.48304490468749994 0.4250066125 0.4152849234375 0.4270715265625 0.417565571875 0.44979461875000004
4 0.804725503125 0.26644702656249997 0.805107721875 0.250928178125 0.79699899375 0.25115909531249997 0.7855222125 0.2751822359375 0.7864553125 0.29443783749999997 0.7905401984375 0.29385629999999996 0.797547678125 0.28016379062499996 0.804725503125 0.26644702656249997
3 0.602372415625 0.3359373375 0.60989574375 0.41239365 0.6313535984375 0.409338846875 0.6247959234375 0.333506878125 0.602372415625 0.3359373375
3 0.170501075 0.5393535843749999 0.2152437296875 0.5289446671875 0.19918253125000002 0.420699046875 0.1527384078125 0.4284126265625 0.170501075 0.5393535843749999
2 0.3147827640625 0.442540175 0.40865630781249995 0.4259062 0.40305356875 0.38122034375 0.308468525 0.393793915625 0.3147827640625 0.442540175
2 0.4878527703125 0.36885089843749996 0.41035788906250004 0.38077513125 0.41477653593749997 0.4248863140625 0.4924188515625 0.40863052031249997 0.4878527703125 0.36885089843749996
2 0.497111965625 0.40280961406250004 0.504470778125 0.4013760046875 0.5009033015625 0.3669314609375 0.49304880781250005 0.36785665624999997 0.497111965625 0.40280961406250004
2 0.7172893921875 0.31703890156250003 0.7198508859375 0.3501480125 0.752677665625 0.34476250468749997 0.750397153125 0.313987359375 0.7172893921875 0.31703890156250003
5 0.8611132125 0.279227684375 0.703541715625 0.2988565421875 0.7085480734375 0.3734266515625 0.9691864421874999 0.3582443 0.9629457531250001 0.27805895 0.9301988859374999 0.272751690625 0.8611132125 0.279227684375
